a = [1,-2]
b = [2,3,3]
c = [-2,3,0;
    1,-1,0;
    2/3,-1/3,1/3]
d = [4,1;
    -3,1;
    0,0]
a-b*c*d
